1123760036.548396 5542937145.793267 5660843565.013918 1.000000 254.000000 41.377873 681414706109803.750000 109740.000000 
43445.310858 174757.701473 189541.772941 25.920367 13.835924 7.111121 578.978196 2005.000000 
161.170751 823.145591 888.800341 3.581524 2.111138 28.449115 55.915960 103.000000 
127312.304695 719724.600551 737273.811758 34.842326 10.292977 34.780936 2059.589012 3829.000000 
98901.972446 362698.152279 400582.474817 19.645046 6.957496 32.234651 1173.584777 2974.000000 
469.146218 3409.732866 3724.210766 1.246006 25.668060 20.958202 145.387460 197.000000 
716754.431770 3316572.238032 3711799.232717 51.778594 38.203911 13.360335 5548.048433 11770.000000 
205421.223835 907897.789437 1014769.476824 69.793959 8.738809 21.272011 2217.537777 4973.000000 
346.966521 2017.240434 2229.445721 1.144892 46.354845 21.975313 125.090587 143.000000 
187.368725 1230.264029 1252.905007 4.563448 37.201480 25.946591 72.557540 108.000000 
19.783376 169.181442 172.026290 4.347938 50.907040 12.618198 12.843355 32.000000 
8864.625438 33358.244866 33676.408396 20.462973 73.967922 4.284963 520.335978 1063.000000 
19.735911 67.985878 70.652962 20.969607 61.017787 5.191897 18.537363 28.000000 
19084.172188 105844.017150 110963.723857 35.630341 62.611730 10.721542 1126.813018 1562.000000 
1534.643156 6088.253037 6941.075511 19.942496 54.611960 26.963991 94.383019 236.000000 
5758.639246 25873.457299 28743.245434 12.012303 73.780309 16.588256 233.804506 808.000000 
22.460943 104.560841 120.896245 26.405446 55.839732 21.196676 16.263902 24.000000 
32.108867 473.626015 489.550027 48.001334 57.044842 0.590096 36.204294 53.000000 
98.992208 779.765461 836.509711 53.136402 67.483136 1.201781 69.565642 82.000000 
856.389491 6999.163479 7441.538126 58.656278 56.485423 36.937579 78.276855 237.000000 
1759.811016 12255.255470 13293.528273 3.954313 4.896765 55.507486 229.040823 344.000000 
5871.153933 30275.420244 31462.089709 26.346774 25.805389 52.012037 258.436262 862.000000 
1.539755 11.672572 12.458218 49.573550 17.956783 27.569017 16.905217 10.000000 
11511.720006 66296.496346 70601.830570 2.807467 36.281060 42.701718 430.917541 953.000000 
8292.879139 51322.913582 52486.781813 11.262694 35.700932 55.722876 268.822370 834.000000 
2.627104 11.253697 12.800457 14.652125 41.920894 29.763625 9.613631 11.000000 
5467.524673 43176.467728 43948.678064 7.026011 58.758122 52.638219 220.106083 731.000000 
4.595666 14.972969 17.657211 4.593986 51.952939 58.951879 9.352371 11.000000 
5814.554127 62973.032850 63496.034160 18.859851 45.839885 80.165559 283.320407 862.000000 
17945.007766 93945.032632 99480.895779 74.448368 43.888971 31.863325 371.931772 1224.000000 
517.779903 1644.220216 1809.660902 33.885035 36.408730 70.116592 57.528794 159.000000 
5303799.862855 25792999.573101 27414555.641403 76.691563 76.429719 82.109035 9678.449758 23813.000000 
242.680872 943.470714 1095.570711 49.991065 56.179544 54.663731 25.283991 88.000000 
1656.644586 8841.956307 9346.252894 79.433665 19.057378 9.113244 290.350409 405.000000 
57547.531814 296055.463263 305545.264717 96.167790 6.843017 6.792407 1124.987974 2947.000000 
4.911728 34.546143 38.507774 96.694226 17.447302 0.429271 5.380862 13.000000 
161271.307172 922143.079060 1025271.740686 115.448685 13.013091 32.943744 1215.281337 3957.000000 
110.465949 510.427688 559.277277 126.060413 15.529409 6.999399 29.480510 67.000000 
3683389.321745 18050466.761223 19029901.355680 132.580599 77.215605 21.546096 6442.392486 19935.000000 
2158.331620 12832.092863 13219.775210 133.768816 39.005091 4.329355 182.463995 480.000000 
80059.818357 276275.042540 316095.266830 91.794988 23.265930 81.732393 864.257628 2674.000000 
67625.189681 499499.551276 527364.999066 91.852390 39.459014 53.539649 889.372339 2470.000000 
1091506.163301 4449249.230562 4579049.129477 147.291571 35.676354 55.847161 4980.681787 13778.000000 
1223155.312994 8216327.355106 8474525.731445 139.407799 65.891885 70.050167 4661.842313 13311.000000 
12.436885 170.236465 177.288443 13.713819 73.136506 7.383412 25.467384 26.000000 
3400.743312 12234.005433 14169.158905 2.784039 85.803184 9.875822 181.659515 495.000000 
693455.822095 5178573.578662 5472446.658550 24.996841 124.862777 17.910044 3332.029291 10454.000000 
3655.121461 13824.275357 15986.657146 41.727866 73.051866 1.790838 281.260103 578.000000 
298.600872 1339.833876 1446.047843 38.410200 90.597989 14.648125 46.581320 119.000000 
2541.527207 9713.034450 10664.661984 70.801663 73.551654 2.632506 179.243164 456.000000 
2097.399466 9419.022656 10070.859701 50.094827 97.919473 38.904632 230.070287 462.000000 
2972.850290 32345.573740 32776.811812 16.588370 106.250905 34.567544 213.940331 503.000000 
5791163.954077 18297437.773616 20495617.563674 24.516140 113.253166 78.543183 9415.332477 27255.000000 
170.421422 1078.410785 1117.998323 44.400700 114.059965 2.126525 36.599820 106.000000 
46.157748 223.054343 237.979246 46.095831 106.791111 22.422218 27.775173 47.000000 
1656.317599 7210.988852 7923.334549 41.397685 135.062720 18.251102 125.706418 305.000000 
627.433957 2431.761537 2587.653435 45.814312 122.404517 37.824007 81.362808 184.000000 
68185529.153520 254179347.201013 291211909.810136 114.815362 169.849402 34.966077 40738.968454 111189.000000 
3574.839665 16090.563032 17483.654300 46.049840 78.327580 57.862991 205.930159 591.000000 
32249.523756 200995.381917 207894.246552 54.022181 88.539325 56.414050 530.712848 1412.000000 
3.026955 16.115097 17.815780 11.391254 114.895561 53.977939 7.759963 11.000000 
205123.292318 712570.063617 830025.617454 8.084938 149.442661 43.950666 1416.114172 4683.000000 
13584.117936 57483.875843 66423.805708 60.364097 110.284837 56.936387 420.792404 1042.000000 
202.133190 1778.546883 1870.572869 63.188575 100.285971 67.241917 47.887546 99.000000 
114863.038640 445932.776981 466216.970475 67.888610 125.887449 67.040335 1672.877900 4188.000000 
267.782120 1543.931770 1641.615459 96.706013 78.198487 3.305301 63.901667 135.000000 
15050.260916 168396.934225 172624.299906 80.984942 90.017189 31.784926 411.679652 1282.000000 
2.667904 22.168512 22.464461 83.793371 74.420587 33.599812 8.804273 13.000000 
265.816493 994.532754 1067.599305 94.388121 73.188707 31.000547 77.299189 134.000000 
2830.821473 16159.363648 17003.184536 125.750021 72.731437 29.981621 155.458117 425.000000 
159365.596255 810051.148131 908344.232486 147.680266 115.869570 5.412541 2064.629114 3972.000000 
10141.442099 44078.016181 44626.747976 85.483789 104.766293 71.994645 340.169229 968.000000 
73.966121 414.707270 443.622246 100.777420 81.757199 73.274137 25.689686 62.000000 
2587.189591 21579.962454 21852.681105 110.898541 114.916177 58.098379 200.773181 479.000000 
212571.781833 617472.599317 766087.848981 5.114932 19.732594 119.212509 1783.550192 4661.000000 
17184.990277 68060.156349 74144.104786 10.015491 33.048366 99.650807 473.746794 1153.000000 
78.842800 466.215712 484.669138 18.661457 33.744159 93.458081 28.170183 68.000000 
39586.408370 140457.702654 164531.768263 31.512265 20.445918 99.424553 543.690514 1699.000000 
95.843695 1112.259100 1127.421645 13.165647 6.438482 114.568052 49.294783 93.000000 
3.869286 32.158370 33.040494 20.158513 22.777699 105.622211 22.187174 13.000000 
3069913.939560 18210574.760395 18982064.588232 27.702696 80.278777 125.649333 6580.950316 18984.000000 
5733.437593 34471.836053 36730.130554 47.680042 7.030873 110.479298 464.125411 803.000000 
6582.655952 26160.751282 28213.441726 63.969173 18.458403 115.185280 336.828337 833.000000 
364654.827392 2109649.471432 2249699.641418 96.604174 8.959128 113.596696 2419.872671 7179.000000 
25327.104544 152389.325303 163139.001524 59.234306 34.191494 123.093252 452.432522 1452.000000 
415781.119639 1474074.932390 1603522.996568 71.980713 11.183300 142.120477 2757.555958 7133.000000 
312.565955 1708.931541 1843.986340 68.892552 22.881808 130.283149 41.593456 111.000000 
3664.377905 22221.220651 23979.230840 45.407724 48.316181 110.882643 402.716223 536.000000 
1478.003107 6425.871895 6806.188188 72.162827 31.378855 120.622326 162.333304 356.000000 
187515.959405 722440.344847 758922.425377 80.421682 49.059670 139.669439 1728.247598 3954.000000 
4.250552 17.759703 18.635732 50.955415 57.929198 80.902719 15.420642 10.000000 
5564.392238 40716.741149 42494.538512 63.776824 64.025540 133.101573 287.562648 807.000000 
61780.017742 230826.886732 273999.457264 68.240594 72.786780 120.345110 722.074463 2038.000000 
126.112638 885.745762 908.991273 81.850286 3.297159 106.639053 26.425966 91.000000 
1193071.178621 7886139.657314 8298822.125900 149.338759 30.369413 110.931892 4523.533578 12810.000000 
15326.234135 59796.458220 66348.149498 110.427831 36.760336 91.784985 367.889085 850.000000 
463574.196786 2534737.536646 2562365.914440 101.457132 34.342289 134.907792 3044.969780 6475.000000 
35537.606873 187298.232760 193913.122927 129.229058 13.670118 140.515317 480.326270 1786.000000 
29503.601732 173095.942086 183184.514958 136.964175 27.228288 139.930788 872.784732 1756.000000 
32.713157 138.201925 142.975658 86.494429 39.288954 90.200547 29.318896 43.000000 
12875.905337 62332.752827 64458.343536 98.230208 55.139954 96.547479 326.001382 1099.000000 
26.499846 99.712372 107.542448 86.874541 42.189819 98.691732 22.126912 32.000000 
679.051934 3149.719659 3262.338469 118.358909 39.476840 83.847423 102.311108 219.000000 
15297.792836 57964.158082 65220.062958 134.355640 45.291755 98.111027 631.903982 1234.000000 
8013.044656 40518.035568 45293.966135 117.984854 49.202471 99.095148 336.750883 683.000000 
60.167843 346.376049 366.996925 110.810063 52.954093 97.122581 20.690822 49.000000 
870.448654 5125.069186 5373.725509 113.687433 69.588905 85.968470 107.544855 247.000000 
2887.067294 11144.067468 11853.896643 131.789810 59.744805 86.640718 315.377251 552.000000 
373716.941194 1602759.591334 1765992.364687 105.742436 83.802674 104.977963 2362.301502 6935.000000 
7978.382289 49165.536797 50488.679154 126.391099 73.925331 98.708023 265.796722 985.000000 
888.671988 4954.040130 5202.495275 101.371497 44.975326 111.648026 103.923535 263.000000 
36.652606 138.138892 160.612424 97.512998 48.823241 109.705726 20.144127 34.000000 
2191.754628 13698.501480 14282.934967 90.113051 59.050921 124.096946 154.173748 522.000000 
3867.585651 13035.065992 15734.989141 109.111112 50.066387 122.964843 241.115272 473.000000 
17658.047782 97674.276601 101216.357750 99.709188 74.831745 131.653111 554.749661 1410.000000 
253.415593 3701.267064 3734.075886 119.157973 41.796182 125.860338 157.137694 148.000000 
2497.086885 16340.327524 16554.201249 131.068963 59.039619 108.987332 256.079030 550.000000 
406.278125 3832.068303 3924.588874 1.530060 119.991304 98.254526 83.200975 189.000000 
32.223171 484.636635 502.637915 0.840817 130.733163 88.298665 29.295379 45.000000 
51055.702292 347137.971616 350540.669510 48.958523 143.191313 69.073059 1228.224476 1960.000000 
51307.123548 229754.086136 245203.892250 6.587625 112.917082 117.352712 761.713762 2527.000000 
37.786487 129.218877 158.673824 0.275616 90.388959 137.065079 15.017884 28.000000 
18902.376658 220312.580609 222114.180957 57.544707 98.753763 104.338160 520.554409 1565.000000 
7764.342489 88965.954085 91160.385880 53.540926 80.337641 136.914571 381.063751 933.000000 
404877.527031 1530218.729515 1762917.243476 9.693489 147.738111 129.733666 1958.457353 6676.000000 
8699.120689 41380.016664 45469.467876 35.228493 115.930093 125.990698 305.918646 814.000000 
8227.326238 26229.574300 30022.126004 50.943783 112.755089 123.232973 169.725208 679.000000 
77471.418446 352590.683060 395970.390772 48.868348 136.083624 111.904500 759.117768 2591.000000 
218.555806 1167.166288 1242.357582 73.416105 94.127511 88.292536 81.778969 117.000000 
38.473009 171.030869 183.851232 72.413238 102.303765 85.203134 42.397992 42.000000 
17683.832495 98077.321938 101621.395758 84.467552 88.698705 139.642928 415.496772 1297.000000 
551.461012 4805.355094 4874.065262 69.440083 102.764849 120.853585 125.666178 232.000000 
16630.557107 68604.518883 75206.767634 106.230188 111.825712 91.180432 389.443690 1084.000000 
5606.850056 44889.950590 47583.087413 108.354453 137.979059 101.504075 259.038382 702.000000 
349.570227 1525.554254 1610.238756 116.032089 105.170508 81.807433 58.746720 136.000000 
17.744328 97.186247 102.367640 112.276500 94.357421 89.290523 21.866792 29.000000 
3206.312577 15689.957967 16296.447655 135.080940 122.548717 76.525055 199.044936 533.000000 
139042.884755 407508.397199 480940.880953 100.585281 134.023097 147.393998 991.367949 2973.000000 
6800259.791547 30150680.496170 30576642.726897 30.608721 51.368801 183.600720 14173.432788 38707.000000 
84.207034 863.294386 896.253957 17.818965 0.566403 154.339655 37.217062 71.000000 
657.328540 3471.691503 3556.738535 1.912192 10.544964 192.640212 110.851713 260.000000 
742081.740953 4137296.043723 4428340.807101 27.486211 14.424887 212.029546 4647.440911 11385.000000 
10.501350 26.462427 28.084821 3.774768 25.052741 182.125049 10.770420 17.000000 
8.897040 64.436199 68.952113 30.426664 26.599924 197.497720 14.977647 21.000000 
242.474776 1871.274615 1953.213620 57.051137 2.034024 161.245829 126.458493 139.000000 
12.489121 102.789528 103.916783 61.254386 15.281590 164.492083 14.861533 24.000000 
2647.017989 8972.698303 10463.822879 60.068521 25.397064 151.846959 170.792821 389.000000 
431660.223524 2109279.735096 2299069.077140 62.846349 13.682325 188.640453 2803.596897 7341.000000 
307.294692 1009.394103 1105.631868 46.529359 22.826063 166.913085 60.963193 120.000000 
865.725388 3557.705412 3883.190318 44.883499 13.739750 182.149798 207.232044 234.000000 
4.339394 30.747830 32.331197 56.181926 11.058839 193.869997 8.514229 12.000000 
1356.820512 4600.248165 5092.960448 54.817056 63.505773 168.313935 87.949984 259.000000 
88466.131487 388470.006490 401516.742765 9.353288 35.182180 226.266789 1734.402027 3797.000000 
20926.616481 244589.220898 256648.586638 17.626662 2.995934 239.886154 1375.280704 2012.000000 
620.557784 3866.224213 4058.584253 2.451540 9.850885 245.307626 146.503187 235.000000 
21.655040 114.811247 120.005926 1.123026 4.310049 252.515879 40.823244 35.000000 
355.342181 1251.792536 1398.899295 4.956495 18.463115 247.993622 70.978755 147.000000 
28006.456958 165086.629326 166898.148664 37.990762 18.328652 239.095737 553.593735 1500.000000 
8641.017940 34726.207983 36640.992211 54.163322 14.983932 207.763125 407.485091 903.000000 
79499.361491 246383.651879 298096.159855 57.514676 4.206747 232.773468 701.047272 2212.000000 
26.259155 321.277573 324.216612 50.752179 10.793749 227.734220 31.495974 40.000000 
303.208692 1366.481295 1423.666258 49.715436 19.917312 223.879510 192.487441 148.000000 
1463.999514 10173.701143 10869.012660 50.271651 28.602336 216.581679 171.689458 342.000000 
8563.465883 34637.119661 36008.937233 36.827202 4.630211 246.267814 422.025189 1051.000000 
423.871702 2811.427428 3015.759838 18.341660 32.561502 209.338923 49.796692 120.000000 
10.906681 58.293991 62.615179 7.784851 29.401018 243.952086 15.437820 24.000000 
91.858113 482.081576 499.209481 30.181750 33.557060 221.796916 42.282775 68.000000 
28.422926 123.093191 126.880916 26.419266 35.065335 228.279560 21.522656 39.000000 
382.717313 2266.720749 2339.040956 40.371175 55.290429 236.444051 58.117446 187.000000 
9318526.208965 42700015.427757 44215401.314753 36.821574 94.422543 226.004305 17408.608165 42186.000000 
39.927435 344.769927 362.980949 27.654772 44.729309 252.125329 18.154914 49.000000 
24130.353375 101714.978951 103620.101054 66.300988 50.766992 248.724184 944.381194 2007.000000 
273.357700 1135.684893 1151.269042 50.317854 57.131151 252.120996 77.696477 126.000000 
2915952.717193 20309413.602539 21125974.804205 109.658682 19.057489 163.687778 10251.556393 26862.000000 
5848.856608 32462.049537 35828.758750 80.955320 2.758066 185.210770 276.127778 747.000000 
86.379522 425.408829 460.241396 71.039300 44.799873 151.781638 34.619089 70.000000 
2.786234 17.935396 19.489042 81.895585 28.848001 164.670567 15.355517 10.000000 
17684334.813344 85576596.398460 96028480.603499 120.441208 53.659969 214.918964 19042.301175 51524.000000 
193.458478 1528.760454 1542.660900 67.463196 41.162309 167.405048 87.453356 125.000000 
483.978849 3881.226145 4059.903870 68.649574 64.604780 161.361999 96.172892 203.000000 
8.343048 55.892510 58.280762 95.429953 31.067721 140.043605 19.428863 19.000000 
19.684083 102.917199 110.266320 107.293421 26.948805 159.220660 26.239610 27.000000 
50.098966 236.022559 263.618072 90.631024 1.001352 224.524534 24.168404 44.000000 
5438.558606 24312.322767 25914.401200 89.239990 73.962095 227.906247 260.780892 568.000000 
20.463764 110.991406 118.251263 74.074677 36.412300 254.206860 40.868102 27.000000 
11.108113 64.097433 67.173795 105.160135 5.173574 236.547044 13.770082 20.000000 
33.140709 98.297749 99.727770 108.961625 1.976506 233.696801 27.773264 35.000000 
34.475883 149.708424 170.800294 103.447906 10.005827 254.432588 30.532959 44.000000 
2596.834523 19657.699580 20377.142257 125.822958 6.853578 249.718066 144.069572 420.000000 
1908.264550 13838.039144 14975.184487 108.275715 43.303736 253.487651 87.804037 410.000000 
32.831290 223.339324 244.554012 125.574982 47.725954 254.528977 27.821126 51.000000 
1500.050626 8835.867755 9429.761274 117.436631 64.674096 252.332459 132.425068 384.000000 
2903.413533 12975.925378 13544.569119 12.225511 89.478549 175.688250 228.262402 563.000000 
182.905547 1373.877777 1405.268387 50.492239 81.372811 173.049076 34.209741 108.000000 
426057.121813 2561491.941673 2591205.190985 51.306625 107.371185 168.175970 3324.042525 7711.000000 
13177.335267 86639.441874 90696.671924 5.171599 89.761706 194.792868 360.094723 1106.000000 
13599.754897 53346.468621 56593.983645 3.722307 105.660933 179.390274 403.627534 1055.000000 
61.773661 264.140048 280.325373 2.293977 96.218258 190.390447 28.699871 55.000000 
40.745174 175.638598 181.091591 25.371331 66.745941 189.669166 32.127447 50.000000 
1304.059391 5913.741657 6273.156699 50.511563 92.626028 186.310459 218.979787 351.000000 
18202.156344 60002.402444 64911.434489 5.848314 123.989879 163.873058 339.918254 927.000000 
4.238506 69.942831 72.653856 9.361609 120.396489 166.618563 15.432485 17.000000 
316623.800188 1595870.864112 1757765.956064 59.713103 139.254090 157.299120 1862.159712 5900.000000 
34173.987991 112502.805239 134270.800157 22.836815 124.627774 186.869480 418.970282 1465.000000 
151131.325420 702191.431019 738438.038889 14.583901 156.398860 172.864252 1205.755950 4029.000000 
5.309938 46.236992 48.463709 43.081062 108.773333 180.098164 19.383184 14.000000 
83.710626 488.418626 507.919843 8.026484 87.507671 234.125347 32.051816 55.000000 
7.207974 39.406142 41.944160 21.820124 75.991999 213.781886 8.463950 16.000000 
19124.704328 156830.513374 165510.416738 6.772457 88.574831 244.810585 518.276585 1345.000000 
11219.710237 45192.093153 52834.422522 29.071550 124.085065 226.708671 191.390037 780.000000 
884266.070813 3995552.420820 4281532.028701 47.574607 127.779599 231.269530 3749.543508 11531.000000 
8160.708428 31085.371636 34745.083118 66.478526 118.501916 175.111037 237.668527 704.000000 
8640.416772 30689.816833 34901.810152 67.640809 92.123732 194.433274 283.204577 800.000000 
312.427540 1610.791713 1802.540121 69.144315 88.712495 208.992258 58.306520 96.000000 
2600.540433 26553.934595 27156.467609 84.742807 85.108456 217.634420 158.670782 442.000000 
27.871993 122.316991 134.090057 81.137569 109.977351 183.314212 20.358458 34.000000 
71462.466833 262935.871212 302945.996665 73.670368 148.331646 182.136939 1036.800802 2411.000000 
4275.255348 15377.038567 16955.450283 68.823278 133.497272 207.542852 260.477203 550.000000 
8.453892 45.471096 48.520380 93.613004 99.732513 161.710772 22.608544 18.000000 
5292085.834314 21452381.050608 24027954.704577 137.358201 124.148837 176.674437 10817.591372 26668.000000 
8086.820855 38479.947849 40174.028812 103.485368 132.225424 161.182126 260.966346 777.000000 
253.629984 1315.496608 1373.514793 118.606928 123.153137 155.075373 74.920788 130.000000 
530.916774 7085.044198 7172.472304 109.716520 130.022289 176.488731 125.742546 203.000000 
218377.979338 1696900.028859 1762579.190954 121.373709 146.978347 168.998662 2068.617404 5406.000000 
158.351214 933.741912 969.532434 96.997783 112.359351 207.924154 38.657587 104.000000 
291.762154 1500.548600 1600.062286 125.317787 99.508947 212.462549 76.614346 131.000000 
195347.063759 1059898.986548 1129688.854398 106.632139 148.755804 209.170965 1832.113014 4955.000000 
2.709683 22.128160 23.511845 78.474803 75.019819 235.577679 17.834492 11.000000 
187317.769695 1294682.664453 1375822.596469 88.091810 137.617094 232.145732 2253.048347 4387.000000 
3760.898913 26601.203640 27836.207252 60.225595 107.347443 252.713700 213.734675 686.000000 
12396.691825 85444.269766 88863.637749 102.244641 88.012469 245.676982 472.321397 1270.000000 
149.953514 836.652154 861.912707 109.887841 78.397275 236.080110 46.817324 88.000000 
171730.964432 783605.930562 905974.114394 143.682208 93.310370 245.073888 1265.860766 3384.000000 
7280.965653 27467.310745 30194.509928 110.628907 112.137777 229.523791 389.788056 850.000000 
157.868215 1552.026360 1573.463229 103.752815 118.299639 234.127743 77.147543 101.000000 
10979.558935 45532.285142 48820.478358 92.433292 122.788341 243.163905 325.868293 910.000000 
1.814315 27.076309 27.328953 112.399955 119.782990 225.273742 23.751444 10.000000 
3.265445 19.242650 20.219913 111.559459 123.733186 221.879469 22.645386 11.000000 
49615.877423 288620.295312 306904.064871 7.919100 161.287178 16.841157 868.613198 2419.000000 
2611.196447 7666.919527 8908.103595 20.406408 164.395207 28.323504 116.788576 366.000000 
3.087603 9.576215 11.399464 24.625399 161.139845 55.977532 7.127390 10.000000 
7787.500953 38751.460796 41006.212203 32.628479 168.991264 7.386332 276.776894 836.000000 
11517.870290 127955.164814 130879.334537 52.427465 154.763255 32.952100 395.073031 1026.000000 
5.045074 19.548386 21.481675 9.990277 177.842235 2.733398 11.460211 13.000000 
11263859.040509 60965001.595171 61965359.290954 42.516149 210.935745 37.945727 18006.591288 50187.000000 
172.884321 1174.054693 1275.768439 32.951459 197.084102 2.727942 26.970295 84.000000 
228.012074 2333.770192 2407.426464 42.358639 185.739425 1.030154 100.859493 140.000000 
313.785558 1554.272181 1687.476499 8.901927 216.008966 16.885418 69.852380 139.000000 
19169.798072 117023.499005 119612.110119 4.926882 239.609412 5.949539 534.351130 1295.000000 
33.941441 141.607989 154.741105 3.777355 204.241838 20.939253 22.051820 39.000000 
28.848651 118.952451 129.360888 10.504905 210.007465 24.577086 15.266146 35.000000 
35818.591930 229595.067215 233522.555006 14.854992 238.913458 22.923259 876.743252 2144.000000 
5435.356417 21874.909660 23938.720400 10.058950 207.136386 45.981861 142.947007 518.000000 
804.326706 4779.069514 4959.061532 19.618655 227.140197 57.499577 161.794335 296.000000 
19574.838200 183907.745425 189760.529528 26.667228 250.384675 30.776970 549.753756 1581.000000 
2.575247 10.953662 13.033236 3.459839 254.390634 32.001334 10.957585 11.000000 
2797.074429 11200.955762 11790.808063 5.430183 235.071277 48.978657 240.718187 499.000000 
111649.546766 622982.308779 641071.871049 12.991298 245.285539 65.301538 1284.904558 2960.000000 
1917.437790 10884.579949 11662.995616 42.291337 252.345224 43.166094 456.535689 425.000000 
3476.174086 26136.011420 27628.298662 30.091357 242.533026 60.930610 191.411445 500.000000 
293.859136 1424.527474 1555.328923 52.305475 210.608633 36.027311 40.759349 104.000000 
9.404722 56.961074 57.872016 43.148655 241.399664 18.880163 14.349105 20.000000 
31.285438 199.152769 210.540324 119.935983 167.310184 1.183080 22.702378 37.000000 
23.899740 96.651318 110.206130 117.130039 178.350397 1.689774 24.441214 27.000000 
5129.469053 19539.020469 22424.996189 114.879138 169.547828 24.287723 282.785786 692.000000 
22169.798576 162301.350314 164852.115256 112.568651 174.896494 43.414072 502.832213 1462.000000 
1658.460441 8924.838072 9513.428258 131.119911 197.429580 8.518802 105.912077 296.000000 
1792.720278 7316.326816 8081.229782 103.013041 207.640127 38.797538 176.552134 387.000000 
20034.153862 203942.565833 211822.955110 86.718360 240.519086 6.237437 513.346661 1653.000000 
364.928446 1649.897340 1720.436616 4.891090 139.748960 84.763433 93.909668 161.000000 
619.039439 3373.841848 3832.733392 1.110781 148.826723 84.915495 130.307257 176.000000 
3582.964790 29392.935809 31246.185338 18.896029 165.507957 77.078869 247.627599 494.000000 
152.313374 1045.442684 1062.712010 11.756088 170.155406 84.515984 112.327666 92.000000 
3.048356 14.798425 15.009766 10.268836 173.432971 81.881428 19.441075 11.000000 
62.596687 418.971608 420.725785 5.594266 171.224246 86.945089 53.145072 51.000000 
101.597649 555.531758 588.008141 41.278508 171.416743 69.539691 52.377396 79.000000 
221.468653 1033.600202 1155.623549 51.535385 190.201695 58.548382 137.031537 127.000000 
22447.031712 79805.888198 93227.548284 30.434305 154.429183 106.149220 465.054860 1224.000000 
24.546665 164.139124 173.939907 29.077917 143.058839 114.255200 14.002831 32.000000 
235.687800 1437.608148 1469.771629 28.227604 149.285268 120.847867 60.554841 114.000000 
114.792298 632.610415 682.508386 3.661005 161.097724 93.288973 47.030600 82.000000 
5.866366 30.966111 33.526240 12.345940 166.465313 87.758967 13.413391 17.000000 
36.278974 256.325502 271.177536 10.663159 169.791737 113.111175 30.750787 48.000000 
1.179906 15.531250 16.251462 0.672613 162.634994 127.790921 9.629961 10.000000 
258687.213901 1570066.300797 1635963.330508 17.506225 181.408730 140.125971 2158.202130 6627.000000 
603655.990704 3786618.625015 4066535.440509 55.103274 164.582412 121.436169 2970.724557 8532.000000 
15627.159791 52041.262348 53127.436896 40.276022 188.293670 121.037194 479.189524 1171.000000 
42.573002 302.477167 319.460069 43.231078 170.525184 116.636488 31.892266 54.000000 
4.416020 18.052316 19.045640 9.238649 197.827602 60.239087 7.324469 13.000000 
2704.128449 24649.618292 25053.786299 17.283796 222.043373 70.834061 218.845939 528.000000 
2149838.746541 12233025.049878 12834111.687972 56.582433 215.774554 92.968481 6407.223310 17317.000000 
8.844863 40.299497 41.827339 1.554487 220.106387 88.718457 19.381779 16.000000 
644.310938 4272.927495 4474.074797 42.497633 252.925953 91.388349 78.692628 185.000000 
45.035650 448.468787 476.400141 0.610671 192.567707 115.295685 24.003966 58.000000 
1573.267511 9133.075900 9431.859224 5.141809 204.674123 124.257659 210.193037 385.000000 
60.071394 552.322989 567.473372 1.398114 213.548123 120.112696 34.615917 64.000000 
9767.730810 53241.228296 57664.134705 4.313105 226.321420 126.194764 419.454352 1186.000000 
678.265695 2656.478498 2781.796527 22.960750 230.702389 98.439039 123.238232 253.000000 
3229.918971 14561.211482 15841.279886 18.985138 229.102019 110.447793 182.338545 438.000000 
4.008427 13.493501 16.568145 0.312428 241.956834 96.989084 8.718834 10.000000 
61.302013 241.916720 262.070272 6.169023 228.324701 117.313543 43.284924 59.000000 
825.094699 5065.187708 5273.066778 50.297997 251.666855 117.725743 137.962683 252.000000 
106596.015426 567156.000325 618532.426157 78.139728 236.550833 118.358013 885.750340 2785.000000 
354.000097 2094.922778 2167.568106 68.135464 178.824256 60.771654 54.050118 165.000000 
5305.213781 39806.558163 41718.607580 103.227309 181.875117 104.476238 193.132401 670.000000 
365699.872895 1935078.063273 1960186.369629 125.940007 170.460859 96.679928 2485.159295 8303.000000 
191740698.355106 880732933.502672 957721885.003194 148.951228 212.781049 140.489023 77789.305300 227823.000000 
31.040512 199.719995 209.663617 82.711774 250.036399 71.906825 17.460101 41.000000 
489749.945526 1843009.363107 1897430.827037 121.530275 232.899660 104.916359 2839.169291 9218.000000 
31.817787 402.286077 413.282501 107.679503 254.358181 92.921065 31.776922 53.000000 
949.998698 3560.193161 3818.332610 131.398185 235.970965 86.669438 95.924799 207.000000 
11.099203 68.194445 72.185130 75.181551 198.741684 117.977992 9.204409 20.000000 
88.799862 473.487087 480.536846 72.089408 206.678818 128.317646 33.566681 67.000000 
54.044183 363.735084 376.072699 94.004655 228.634943 128.173787 26.514348 58.000000 
45585.245989 139829.688813 149712.956871 32.535971 162.535066 155.341345 683.032439 1908.000000 
102101.210603 639263.671728 671748.932921 35.167959 147.379970 173.313076 878.527213 2929.000000 
1662074.219597 5962863.023988 6348838.716182 27.867604 184.721320 197.787481 4177.427952 13285.000000 
14676.469128 82000.796560 85527.576917 5.367734 149.540394 207.842937 586.611965 1097.000000 
5134.238804 24678.524158 27713.678829 12.916653 160.187342 193.550804 202.405882 544.000000 
33751.638361 134910.303442 148996.115970 52.078918 152.706558 202.334049 812.314078 2235.000000 
2479.434557 11862.357321 12063.012093 52.798415 159.809721 175.627847 104.940605 458.000000 
6962.936047 31048.412050 33909.002522 65.809483 141.927195 197.288173 414.955469 924.000000 
2404.091028 17381.680969 18430.214087 3.470937 205.038300 146.872806 116.227859 414.000000 
115653.550278 591419.286678 607170.526318 10.477315 224.012526 159.020935 1374.879541 3320.000000 
254.208426 2792.587217 2887.522049 32.262908 191.371952 164.322802 30.846167 114.000000 
139.318862 1481.213425 1528.198250 25.768389 198.629773 160.525750 33.000015 89.000000 
30552.738394 180981.254953 202185.606766 66.249679 210.120312 159.378461 438.403022 1184.000000 
25.882568 84.789279 95.023799 43.857993 212.466384 158.055449 23.661199 30.000000 
1908.835625 10072.591714 10525.179839 55.370441 218.554658 169.392466 107.834012 360.000000 
7433.483400 31320.848715 34417.019601 47.026143 203.977279 187.187530 250.537513 703.000000 
3304.669850 14901.731836 16216.844949 70.029849 197.454239 200.531835 151.793127 413.000000 
1358.395784 6665.317307 7038.597832 18.881049 252.102253 155.677738 160.013621 346.000000 
8.175260 41.488717 46.677706 24.281638 254.431143 149.197224 8.993766 17.000000 
269.916084 1975.226612 2055.897567 2.068192 245.688100 174.234367 68.630167 139.000000 
321.064152 1526.717273 1692.724949 45.103194 232.010553 171.768329 67.468071 108.000000 
17784720.509415 61469412.324816 67734331.783720 60.126006 231.819414 222.471650 19961.481448 49987.000000 
3491.683321 19537.156302 19842.031417 75.133320 229.868700 137.755196 240.131627 593.000000 
923.485732 4826.961718 5307.415739 67.141164 253.719952 148.755132 128.498099 271.000000 
28.841401 104.699471 113.324365 70.151423 250.032378 152.352045 23.278353 34.000000 
60.354565 250.935912 274.781420 63.008827 252.998391 157.508326 73.456170 50.000000 
6957.690698 38213.713754 42184.348890 76.039404 248.395144 148.314760 295.178389 688.000000 
22.703161 76.889767 89.057631 67.565944 247.656644 158.966254 38.322443 25.000000 
250.165961 935.354435 1046.714452 67.067680 224.407783 189.145257 56.201096 113.000000 
3263.234049 23687.743822 24776.662665 13.010952 150.013790 222.759363 221.461688 484.000000 
27930.324500 120821.300340 129475.959758 19.155914 163.494979 220.915768 497.821884 1725.000000 
20.456582 137.535992 147.519006 40.732563 145.034206 210.706891 41.561536 30.000000 
708.120706 3529.486390 3758.193515 50.493511 138.320556 208.893044 152.240683 225.000000 
10099.344685 46717.252911 47683.375801 58.203832 154.207480 223.840812 270.486113 777.000000 
6028.360178 64540.038369 65580.031636 30.409605 169.705802 232.094967 283.395337 685.000000 
31.456334 159.255266 177.895608 42.466176 161.893823 225.838070 20.081718 33.000000 
100.348624 336.296081 346.373609 53.466252 161.877848 222.673963 67.508005 82.000000 
10.261825 32.746383 34.654255 1.026734 168.842878 204.908158 8.767670 18.000000 
454.220407 3493.131844 3671.941581 13.959323 184.066671 230.572028 47.651354 182.000000 
163.118309 720.067326 804.360740 14.747187 178.081861 253.640165 50.885686 85.000000 
2277.652162 17357.763190 17917.618811 6.393166 191.451666 251.584252 162.746304 478.000000 
167.646368 2193.580796 2283.963839 44.073472 183.709571 254.367810 59.598943 98.000000 
13229.488854 57091.697859 59504.419920 22.922144 193.902407 239.775482 415.633660 1063.000000 
6.668601 34.509777 38.178518 51.968291 169.134667 210.082800 10.522345 14.000000 
19.097985 98.420887 106.362348 57.583998 201.186654 205.901345 15.736983 29.000000 
60.213927 310.575730 325.834714 51.100910 180.613313 252.877367 48.798914 58.000000 
23.011402 175.940182 185.255328 56.578381 179.273176 250.486189 21.302551 36.000000 
2.550103 28.763057 31.313161 61.108657 167.635230 254.000000 16.966599 10.000000 
39928.240477 163829.255679 170913.062648 20.262115 217.511715 230.064872 648.082720 2132.000000 
1418.878519 6168.376370 6643.249647 17.134030 212.068876 246.154901 111.326245 292.000000 
122.029946 435.966236 470.508633 12.656987 210.176211 253.003040 58.812063 77.000000 
2444.840946 11001.098962 11295.238672 6.321417 219.120446 251.112351 262.641602 538.000000 
25.847292 151.234945 161.070579 8.115999 239.529572 254.373228 19.656858 43.000000 
3.990290 15.807592 17.548082 12.739563 239.939431 254.290162 11.590170 10.000000 
312.074474 1642.386409 1672.017301 36.315586 252.853324 248.428354 77.306966 146.000000 
10646.887963 44880.753681 48395.422784 68.417918 214.644168 218.218572 405.235023 1105.000000 
122.147246 668.008115 710.435176 71.808195 220.732758 206.423542 40.110475 61.000000 
979.206827 5847.912683 6102.016551 72.220732 225.108519 239.547318 163.903629 300.000000 
233.002259 951.695949 1000.453553 82.206812 143.138093 148.588741 100.044897 134.000000 
87.744566 599.004022 633.375950 86.553163 137.951303 150.571732 50.430146 63.000000 
6.952914 49.127914 51.774209 84.801374 144.933943 140.939049 11.450940 17.000000 
654.282705 2441.711008 2498.848058 99.633853 149.538600 138.975731 104.101153 159.000000 
3242.354842 26091.858658 26791.596192 90.408828 169.597676 158.586585 200.521526 516.000000 
5756.411394 26061.799418 26859.175379 86.477437 164.834747 169.140703 300.813080 834.000000 
191.658528 1059.397738 1130.258493 105.264928 157.543380 184.483761 73.737186 91.000000 
406.158740 2014.414828 2194.003818 128.355077 150.631415 168.080472 65.503118 157.000000 
543.485590 2539.855448 2855.708863 96.231916 178.768561 149.992803 75.040408 174.000000 
1003.283868 9830.496187 10252.391160 84.197969 234.105705 170.850513 158.249525 339.000000 
75.139165 419.295664 437.830240 79.255432 253.040055 167.860053 31.625611 59.000000 
77517.275309 387687.624125 424314.893498 91.072511 177.601594 215.409032 1005.316593 2526.000000 
64.440891 541.157976 561.779817 89.664858 159.745628 208.763707 37.067288 63.000000 
20558.600659 104857.524721 111824.516447 138.460822 158.970553 210.955122 669.175070 1565.000000 
10173.509774 66363.647944 68223.538313 86.107095 185.934643 202.824448 335.018735 895.000000 
1483.178228 7957.592251 8863.083339 98.607819 185.833362 196.758880 73.743850 226.000000 
30.494458 150.263592 159.653961 109.675588 182.955272 214.134030 19.666273 29.000000 
4630.138056 24583.982861 25918.654374 114.470592 188.113997 207.823783 221.513151 534.000000 
198720.020769 759650.681649 799998.663723 126.283947 206.760642 220.254485 2217.760369 5443.000000 
14277.944149 68614.866913 71909.551684 88.412173 182.202157 251.487624 667.218927 1284.000000 
1020.594213 6921.909896 7182.451877 100.915879 173.681853 228.565432 179.009703 330.000000 
1395.003905 5627.131166 6339.333649 104.879818 165.144222 240.690797 149.636136 308.000000 
112.621440 496.068124 498.929240 127.765480 161.526131 226.138169 29.639220 86.000000 
4002.075029 25846.289172 26317.069388 104.472226 178.208314 247.751691 244.358882 559.000000 
533.000613 2607.680494 2887.320224 131.399198 162.674226 245.374371 131.099884 217.000000 
291.188939 1472.599252 1514.639404 82.769292 187.211259 232.372801 111.735040 158.000000 
4.968357 20.372942 22.105902 82.199808 200.990466 230.697827 17.760188 13.000000 
41.110896 131.993980 155.026651 81.506141 190.234391 245.019803 22.885548 36.000000 
632.434945 2475.145969 2698.704166 86.484234 196.013114 249.248464 124.194229 210.000000 
1670.630611 6460.232371 6989.663204 118.054099 188.884617 237.504025 116.673626 269.000000 
2.242615 14.189872 14.999682 112.045768 194.315229 235.228886 6.915623 11.000000 
390.968361 1093.511114 1344.200979 84.174205 232.067152 211.961328 33.964008 123.000000 
7.697723 85.303272 90.189965 104.023287 245.544667 213.622175 32.396472 19.000000 
1672.332567 12035.581344 12708.400846 91.437253 224.125725 238.749844 162.754167 369.000000 
2286.836527 13252.264183 13581.486232 92.345248 250.100318 251.357931 181.727594 443.000000 
53637.888388 312196.041488 331048.861134 141.924033 215.547893 243.579274 810.038952 2391.000000 
22.963170 51.881868 62.754154 111.554804 252.955669 234.636703 12.185094 23.000000 
133.461808 1122.759688 1179.146404 119.598791 254.245844 251.864153 62.135946 102.000000 
2124981.942554 8562261.656304 9153196.029423 188.895034 24.677933 22.177369 6718.472483 17101.000000 
24474.029098 99469.062652 103018.888218 163.783104 15.186768 62.225421 581.321187 1568.000000 
8.026378 66.736174 67.032770 140.056586 45.371576 50.706530 9.536992 18.000000 
12998.256193 54934.547499 61205.322216 191.674343 58.958377 28.396675 329.485258 789.000000 
41639758.598776 147213801.251080 157692428.630035 223.377362 68.519441 51.777545 30429.102259 82821.000000 
816.527174 3546.998871 3806.630300 180.393002 37.858123 45.778291 106.876334 259.000000 
20.282376 67.717644 74.507297 173.392919 48.293837 42.838801 22.390019 25.000000 
2032.045792 10783.107909 11643.796138 171.990189 61.686051 41.392130 189.121895 352.000000 
37.897742 274.198090 282.741264 142.103837 20.772304 78.863508 25.174394 45.000000 
119402.570986 475574.720175 531322.144035 169.362966 18.288816 87.498516 909.885696 3050.000000 
73.571023 379.664988 412.922352 133.507781 10.797391 117.325826 51.056648 56.000000 
14493313.994761 54606683.005052 63335541.925813 214.211085 25.015723 135.231323 14174.168500 39944.000000 
16906.128767 124692.400983 128424.866505 170.252868 52.786984 99.145980 623.875437 1600.000000 
8297.802432 43743.878690 45899.853385 183.716870 3.680148 85.251398 248.416117 761.000000 
2243.880129 11423.639838 12120.903456 190.989391 3.925622 74.044166 205.517426 442.000000 
27.779239 144.401727 153.752138 184.584436 7.386264 76.161070 34.465538 36.000000 
27445.212078 133453.433889 143154.518931 190.408980 42.575194 90.257102 539.122011 1697.000000 
3897.019736 21059.986612 21277.978305 203.210829 24.008758 118.880265 297.653713 608.000000 
178.729787 1081.202830 1119.019797 178.327248 51.850778 91.494680 60.520841 121.000000 
5.436700 74.990421 78.725219 191.417641 32.688472 112.881950 7.920527 16.000000 
123.329557 450.062140 484.474253 133.085680 112.096932 15.113425 38.823531 82.000000 
145921.347726 580927.590516 616561.346512 171.345856 118.298083 27.212652 926.022187 3533.000000 
28354.044189 198808.425644 205841.489171 164.257546 122.420567 48.316034 546.687089 1600.000000 
625976.181429 2940235.853275 3063672.829143 165.098247 99.511287 71.031002 2969.118379 9086.000000 
700.538752 2431.118980 2853.172510 172.477904 67.566342 33.154870 99.211684 207.000000 
127703.562114 727750.908587 773420.398332 186.942076 82.023921 29.201755 1368.210550 3587.000000 
81.570192 715.251835 781.901843 179.366915 88.459261 0.597346 48.384123 77.000000 
14.769588 111.024617 121.767669 196.115409 82.359697 0.451471 17.459405 30.000000 
247.583154 1248.551197 1281.681414 191.185043 65.956476 41.066037 43.033287 108.000000 
501.639542 2944.500541 3070.923102 194.120983 96.000973 2.246411 103.791622 225.000000 
69345.320446 218662.229028 243351.827421 197.566367 134.841826 48.114754 1053.220884 2774.000000 
90.106555 418.368329 457.914361 157.727941 67.068588 81.797517 43.319252 78.000000 
48.270028 438.871109 450.064265 152.709606 65.038881 95.855450 19.341768 44.000000 
35604.280546 217156.375462 225929.890452 146.373104 93.339776 109.238274 635.778319 2031.000000 
78948.909111 366570.978875 373122.740523 159.435176 73.064821 129.944009 976.854478 3039.000000 
1072.285451 3331.097598 3932.660284 132.775309 93.304595 119.479571 79.971811 253.000000 
2011.396660 12183.471429 12488.709379 136.204268 128.832742 67.358052 153.348305 403.000000 
1011.515942 4737.831985 5135.351475 141.293233 105.118136 100.431926 179.707772 291.000000 
7619.398791 32540.158649 35614.844368 174.287686 118.131804 92.725884 304.143870 802.000000 
22968.483537 77502.060725 92738.460011 171.780503 117.805898 112.964138 296.696044 1061.000000 
94.546164 418.086756 466.249068 179.683135 75.018881 66.374274 46.433995 75.000000 
8.068962 27.283713 28.508021 195.008522 87.083024 65.002868 16.018535 13.000000 
982.009284 8813.623720 9230.023402 177.633548 88.457666 94.733371 76.578901 252.000000 
21717.323848 118908.721063 132729.100409 212.378384 79.645128 96.939184 359.413204 1155.000000 
86587.740993 483933.663003 523291.383792 192.186959 101.856610 109.006086 1119.567047 2735.000000 
1504.851262 5088.866533 5470.156548 181.317861 126.101977 102.734643 98.582993 323.000000 
5639694.674464 21852550.736807 22505334.391656 225.278148 136.458591 101.606500 12377.222498 31984.000000 
3225.062125 13820.016772 15084.855808 212.196153 3.310503 12.775815 213.248179 562.000000 
8.758370 44.019543 48.906255 207.151714 7.020399 10.605231 16.691941 18.000000 
1972.567671 31658.486057 31848.767186 219.479554 7.452370 29.655062 181.094489 386.000000 
3895.779858 15342.840847 16209.777614 249.568512 42.065847 7.071551 247.776223 561.000000 
5.887355 17.956381 18.981606 238.638612 57.871163 8.283421 10.451059 11.000000 
18.744765 98.295390 103.707517 253.994528 50.491047 19.617160 22.392979 33.000000 
76.990527 484.928225 500.260719 252.483174 46.261542 23.405921 51.989752 64.000000 
144988.873540 727535.183450 766546.903538 223.910468 17.865600 66.267562 1181.731089 3906.000000 
78302.275242 316484.560448 327344.492320 216.112204 41.148147 55.393393 816.527957 3105.000000 
7631.480407 51641.536742 52968.303294 215.820648 60.163279 44.758343 425.797750 985.000000 
3029.210889 11522.140983 12801.847417 233.672645 5.191440 49.469485 161.149105 534.000000 
82591.169956 306694.919004 329183.451532 243.011497 8.650881 75.437530 1110.867810 3714.000000 
19.056201 92.073030 107.048594 254.687423 28.096807 58.711436 24.062103 29.000000 
1389.206140 5507.930168 6406.681728 247.969127 29.898483 64.749273 62.523990 222.000000 
2.431231 15.180575 16.673074 231.543596 47.430032 62.151018 8.447886 11.000000 
76.687228 338.433872 379.768622 233.258405 46.767092 66.215723 28.761239 53.000000 
4.246829 29.206594 31.713969 254.352129 32.585014 62.277941 18.083102 14.000000 
103.287893 430.188952 437.663849 214.249647 50.271088 109.285817 67.459953 85.000000 
8.501324 31.533828 35.461870 249.748220 28.744896 94.525294 19.196987 18.000000 
54.294460 240.630338 264.929402 198.593855 78.716364 22.291119 46.642023 54.000000 
155.161889 767.014884 833.867048 223.565608 87.926384 54.489117 66.745045 98.000000 
61.455178 274.263890 294.602498 247.793265 117.687357 30.311325 29.862451 51.000000 
24968.420615 89680.884357 101825.186342 215.627114 84.030458 79.922851 396.674847 1356.000000 
2.542107 13.369371 15.077367 210.920518 67.459240 61.774242 7.010087 10.000000 
2089.667403 7034.798676 7578.965603 227.190485 80.624956 73.638144 159.381392 387.000000 
171.487559 750.368345 818.026624 229.675638 72.926785 79.120662 50.725904 83.000000 
14.295671 90.461772 95.653385 198.029765 92.287785 113.787010 26.295563 27.000000 
1455.709098 5718.987170 5965.600254 226.315236 100.208725 119.584616 148.333357 320.000000 
551.764448 4017.100360 4175.393587 253.361033 75.902097 97.724360 44.387686 169.000000 
6233.665023 45257.705955 45909.594070 251.801728 95.307635 102.596611 232.465305 790.000000 
51363.747630 255139.564144 269219.229656 247.687334 78.711473 137.444848 878.442470 2448.000000 
3.893161 31.527745 34.090165 233.253722 124.058712 116.420714 10.165229 12.000000 
34.081234 211.122190 214.543267 148.779927 12.720596 130.158232 24.727758 45.000000 
3.595523 66.827361 69.214543 138.012757 12.692246 128.406811 14.903665 15.000000 
248.351232 1083.951736 1184.377087 147.619044 2.164915 143.966417 94.647105 138.000000 
335.627994 1831.046537 1908.595042 180.769653 20.301970 134.273858 84.482770 172.000000 
4692.834998 22762.247034 24523.272520 166.322251 7.216535 156.319416 495.056912 688.000000 
49.201592 401.667000 443.721357 177.557977 0.187707 148.724947 56.828827 41.000000 
539.218337 2022.223937 2413.142180 191.839436 1.333970 142.047679 108.919635 175.000000 
969.597147 4925.080044 5591.189872 139.504992 1.262431 185.913472 117.018935 237.000000 
17830.072572 154092.388958 161457.516467 183.635316 8.515892 195.566061 492.697862 1492.000000 
1645.522658 8232.659974 9107.392212 149.902734 37.903557 129.923783 141.540739 331.000000 
2324.866768 15716.106681 16515.957108 144.511256 73.401405 146.271248 131.936498 429.000000 
399.882703 2162.075145 2352.046705 170.973266 59.027860 147.728413 55.469446 154.000000 
834.130815 3337.348845 3710.579563 164.487571 63.770083 154.330079 88.368972 225.000000 
52.993068 305.518447 329.874544 145.479461 35.179187 178.358450 17.778219 52.000000 
893.020364 4762.374633 4895.622928 158.546258 58.678992 166.706687 106.645604 293.000000 
3534.947067 11459.459054 11953.601771 191.612627 57.922358 164.638401 240.136609 584.000000 
749.626396 4224.882339 4433.313528 187.020499 71.026537 159.363567 99.460075 247.000000 
5481601.968902 34716193.914294 36309830.629054 169.281777 122.965757 145.610128 11595.875116 31590.000000 
219.059512 1467.149495 1548.313897 184.750957 54.389709 175.773786 60.223816 137.000000 
2513.048685 16859.766320 17334.114293 142.096767 105.752068 200.231331 219.706784 568.000000 
53.640243 304.421904 323.223187 147.568259 109.461746 167.867519 17.586668 41.000000 
26979.414126 170685.557893 184764.718651 183.871886 100.127588 200.955699 584.109692 1551.000000 
684736.617327 3609302.244727 3694039.828258 208.299872 117.297608 202.830795 4127.382458 11093.000000 
13841.361672 52284.150745 54015.632964 220.431832 10.304473 132.256483 592.080175 1371.000000 
918.286910 4552.817705 5087.497904 203.136659 6.593675 151.697860 66.931518 238.000000 
3320.248090 50472.372521 52203.746215 223.956399 2.112823 138.934808 308.817402 661.000000 
19.972350 117.035136 117.857239 199.369300 59.614321 138.902201 13.366702 33.000000 
1336.892084 4255.117739 4551.857907 219.923284 37.858085 125.999668 124.747438 293.000000 
14433.061392 76554.484297 82102.251390 237.718924 44.546532 147.776634 515.825343 1046.000000 
1185.387816 4791.726415 5187.614873 221.535218 56.658695 146.988823 120.897256 323.000000 
30.509388 296.123654 324.860061 254.983268 21.267998 131.685856 20.574220 34.000000 
5.376016 33.022293 34.518352 253.904450 25.766389 132.593456 13.390125 14.000000 
227.770898 1465.306437 1511.533539 251.738527 62.776878 148.466208 89.266146 126.000000 
95.858569 844.476733 905.654713 215.226804 29.221505 172.567476 30.148846 51.000000 
200245.390106 902548.436882 946829.548196 203.626997 56.071750 200.166688 1640.806866 4867.000000 
255474.811502 891098.987239 1028936.887848 240.854966 27.616637 198.677414 2184.401347 5596.000000 
71089.744903 257145.240200 296107.925610 243.108714 13.031745 207.561147 677.583141 2299.000000 
6726.356711 32981.508509 35791.502018 251.312946 35.920018 179.967751 233.269201 748.000000 
1012878.437043 4521700.543791 5102077.945708 243.150263 91.772336 185.741191 3822.398314 10511.000000 
50.838589 402.785420 445.070220 254.639796 51.893488 188.696544 19.591718 53.000000 
15.655662 115.465496 127.837346 254.533428 58.509836 183.285950 7.836727 26.000000 
66.464160 280.940682 285.022953 194.244885 76.953517 150.798146 46.962051 64.000000 
22462.743352 87080.498522 91770.859372 227.760235 83.213996 150.640418 667.715191 1511.000000 
42.343644 162.782841 176.965771 236.518176 86.750249 141.045909 33.863332 47.000000 
45.072154 132.444044 154.568093 245.599652 75.258548 148.915845 26.762850 37.000000 
15145.551377 71538.574275 77820.958720 244.372026 90.328042 156.751489 666.206367 1323.000000 
56882.979830 401983.608385 418017.781117 231.632423 130.445066 143.622649 847.909091 2587.000000 
7.819875 21.052750 24.121303 243.884308 93.644984 148.531268 9.463500 15.000000 
3486.595185 18165.590363 19714.433720 221.581256 99.718857 197.698889 187.580287 529.000000 
310.871971 1246.171727 1394.065729 228.594469 108.256010 184.560882 51.330345 119.000000 
6.672862 22.840341 26.725893 220.541792 125.448766 189.000110 8.829845 15.000000 
8866.406968 62999.875228 64704.005338 227.712576 128.723771 196.825638 246.689885 941.000000 
258.846690 749.650867 991.933405 254.814186 68.964088 183.492656 48.477606 80.000000 
51955.961251 221546.775083 241952.807609 146.718335 34.479535 223.993962 638.766239 2259.000000 
7569.608336 26290.096065 30138.397710 139.662966 4.895126 242.819565 254.146598 687.000000 
1059.608293 7138.422753 7579.207804 141.405366 16.258560 238.988664 185.949675 343.000000 
12.235617 93.211304 103.190245 136.817390 0.403013 250.601119 14.178161 20.000000 
97.655613 434.541328 477.972563 156.286439 14.077612 238.160482 51.525198 76.000000 
174.704498 1437.674031 1513.027833 164.269396 1.033440 250.483331 69.422939 107.000000 
2512604.984335 9882756.068820 10637459.378916 202.775659 44.063627 233.173793 8149.843262 22651.000000 
8.042131 38.764916 44.068460 188.747919 55.429124 208.658759 19.799082 18.000000 
21990.806032 167497.563442 175370.380357 166.019065 75.193454 234.098737 627.797151 1526.000000 
1.728726 20.116269 20.362529 129.614567 92.452538 215.298426 15.054725 10.000000 
64.997126 310.831327 319.414992 151.855187 70.495753 252.898511 36.715006 63.000000 
15.813193 106.189396 111.215125 147.752597 109.248939 222.659370 17.594885 32.000000 
505575.332999 2341779.440321 2558757.362711 169.596378 116.821202 244.976293 3050.391915 7975.000000 
6121.689750 34315.833791 35492.915369 192.620284 83.797393 223.616299 246.438324 631.000000 
2085.700958 9161.551685 10111.739199 199.990752 99.736265 227.350038 124.487013 347.000000 
8983.814196 35048.407213 38395.913803 194.748626 109.631996 229.891738 227.701486 760.000000 
8802.546440 35942.084295 37030.826980 202.101500 91.309280 235.388052 352.910270 973.000000 
1234.632423 6138.430385 6325.516318 201.224678 87.738965 247.507389 86.683887 279.000000 
601.679725 2289.362136 2401.168382 195.228226 99.909752 237.703118 142.277198 238.000000 
9.331276 34.191991 36.493126 193.647940 101.516446 247.882496 14.297847 19.000000 
130.954871 610.642331 667.236348 164.266356 108.530491 248.683109 41.627936 87.000000 
1214.940587 7279.700812 7677.534983 221.337306 8.636663 218.250991 88.159419 235.000000 
35.365191 163.174094 169.665561 205.713634 29.695623 204.375369 22.947275 45.000000 
404.113817 1198.605333 1358.569420 223.737389 35.993312 204.179399 83.437336 157.000000 
42.319208 192.747937 199.333687 228.369744 1.065016 214.658064 28.036946 48.000000 
4522.212927 15053.638688 17504.492922 221.538663 3.568431 246.876433 323.630756 482.000000 
2062.183114 8344.029103 9008.978695 224.425632 11.727694 238.875904 140.043769 333.000000 
5128.250318 27733.467889 30519.240006 208.226434 12.046913 251.612512 290.076763 678.000000 
760.337922 3622.709678 3835.059882 229.886085 15.617434 230.638343 122.196447 251.000000 
8828.919991 45435.365822 47909.531744 239.939767 18.644831 247.516701 453.946555 882.000000 
4455.673013 28360.071764 30070.881870 251.445079 11.029953 244.616664 403.902650 629.000000 
2077.818341 8167.619002 8718.951268 243.727774 22.444716 235.252822 218.444329 437.000000 
1347.207465 13074.746519 13767.566889 250.191719 41.012743 232.464871 127.476057 298.000000 
5941.663529 27805.361599 29300.192198 221.639016 63.369702 209.839222 315.939168 1017.000000 
250.724516 4247.183101 4330.149418 218.687623 71.920414 224.047741 67.303664 149.000000 
2645.431557 12241.288110 12855.058655 251.627042 56.347741 205.981798 252.190127 612.000000 
759.966186 4423.583392 4741.504118 252.954598 46.281746 221.504254 113.266235 224.000000 
784.286334 3707.478885 3856.451034 249.153329 63.478260 220.938846 64.527655 235.000000 
1427.195145 6524.752927 7042.128065 244.297006 61.571975 241.664707 106.662187 317.000000 
193965.924013 1277130.013102 1339583.166608 238.636659 87.500077 247.437797 2841.085140 6111.000000 
2526.732412 14621.398838 15476.402820 209.407564 82.520177 224.833679 204.351103 439.000000 
6566.891429 26886.778006 27768.361155 239.159437 83.896702 217.327641 327.944702 818.000000 
875.681212 5858.048122 6093.107520 227.131136 85.057390 223.911508 76.955127 197.000000 
119.065137 438.136091 457.938252 242.419703 97.209569 204.664403 58.445878 82.000000 
17.856608 108.318620 121.375367 254.952864 88.692897 219.445594 16.393858 26.000000 
5.870015 20.420805 24.113000 246.690411 97.779230 217.700318 16.277770 11.000000 
54.803650 228.133464 246.017411 250.955757 93.462327 220.194443 61.674270 50.000000 
1424.826235 5666.217919 5944.062491 250.526627 92.503704 230.565854 156.689381 246.000000 
2552972.281566 11848467.744036 12840989.656800 227.215985 142.701126 222.008846 7586.115156 21711.000000 
1318.257821 4813.244427 4920.907121 245.035311 104.164287 230.300244 159.564734 356.000000 
3916.468059 20060.346137 21327.713200 250.519914 86.980909 240.860457 360.468990 666.000000 
4092.111606 22840.358118 24612.575338 215.339625 110.557933 250.435219 235.213108 647.000000 
4512.380410 77649.340577 78641.592976 218.940836 118.017627 236.523162 448.075429 891.000000 
612.480071 2599.671301 2772.348953 211.120431 117.823452 242.658143 100.340967 231.000000 
14435.987050 80002.905763 83863.716723 220.184609 133.560374 245.520979 915.469419 1438.000000 
472.797663 1646.183284 1812.924816 229.274489 123.535940 243.505537 91.662938 151.000000 
20595.184424 96992.904360 99799.467979 144.339157 154.622540 11.837276 371.439603 1377.000000 
100.170249 749.017554 796.213525 158.970782 144.232346 1.348168 25.319153 68.000000 
73.071059 431.049707 447.555082 153.272120 164.642986 2.601131 42.228394 57.000000 
22.680005 214.983508 218.319529 152.851242 154.298264 38.568145 58.239599 37.000000 
1157.941744 5152.489065 5326.974796 143.189023 190.360321 3.022547 157.594742 334.000000 
49.765951 279.517810 293.628471 162.575947 188.135969 0.843734 31.933538 53.000000 
19344.129243 127931.090968 132635.925222 176.847661 182.541900 39.935360 509.054941 1265.000000 
1.949019 20.684773 21.734656 159.230013 153.502021 39.477005 10.213822 10.000000 
39046.217617 227799.088856 240287.754249 198.282318 158.763967 69.727682 644.249478 1715.000000 
1480865.578219 5636751.559794 6499115.862926 148.866182 208.423193 80.737900 3342.304935 11107.000000 
173.296874 748.396884 774.438420 213.626059 130.291668 1.060283 43.731431 82.000000 
14402.963684 104980.586135 113011.141650 208.585066 150.435545 18.225212 570.339703 1267.000000 
158.150331 1146.104778 1206.030498 201.499790 162.892460 9.564952 62.318753 104.000000 
196873.384641 741775.499835 835678.454495 218.224497 195.258076 34.367975 1274.401217 4095.000000 
99.559951 463.978508 500.734852 214.063183 144.964261 34.277747 55.299866 71.000000 
43057.126553 168969.328411 187502.872222 239.484725 166.456997 22.820423 668.352057 1935.000000 
166.775129 660.882586 700.471713 241.256321 159.288245 6.990710 64.307457 111.000000 
5223.294168 47061.953283 49333.524988 251.944029 150.243896 29.110195 205.407037 585.000000 
500.445509 4486.622446 4586.864925 240.683182 188.968130 5.137599 100.982873 215.000000 
2558.451556 9398.931210 10068.828460 248.098380 179.024900 5.799677 233.397934 464.000000 
19333.681913 118280.999792 123134.316862 246.935259 145.266775 49.672842 515.770974 1379.000000 
596.343053 2615.928818 2740.077213 222.302549 158.929789 38.238489 91.671979 225.000000 
4.029557 21.416854 22.063053 236.317566 155.767478 56.547623 8.616041 13.000000 
9436.389696 62466.745023 71066.231534 253.754199 190.705029 66.780983 341.388672 816.000000 
448.366637 2496.009696 2669.085246 151.484312 157.397604 83.909327 49.955166 185.000000 
33.925469 396.253473 402.882642 138.346880 150.302969 120.547613 30.931980 50.000000 
9349.935580 53677.211951 55308.539422 165.014834 138.603005 105.576031 484.988733 1102.000000 
2.879003 16.013449 18.231176 159.597197 144.582252 102.434665 23.646311 12.000000 
3.721005 22.884916 25.383407 156.862879 147.458705 105.783748 44.285697 12.000000 
8.050061 26.554351 28.574241 153.193452 150.193643 107.743530 85.729383 16.000000 
2.596302 20.398415 21.506011 162.136357 147.386040 104.676683 10.014505 10.000000 
51.377464 296.304907 319.895258 159.241049 149.532325 132.647242 45.138515 53.000000 
87.369236 581.431217 617.021859 141.917845 154.242124 128.024129 61.409897 81.000000 
1518.335190 18734.073512 19084.158949 180.686219 159.678428 85.489505 129.859477 401.000000 
29.258282 151.918184 160.046470 184.846441 153.680656 88.408066 28.316167 40.000000 
64652.990963 296114.967047 302160.062027 196.378470 155.502733 140.727086 1049.043934 2944.000000 
199143.546554 890909.562242 936738.421982 199.330038 171.866633 99.229797 2235.658111 5469.000000 
21.908803 70.034733 71.999268 180.771539 167.149847 115.004708 24.525235 31.000000 
3.675598 24.334719 26.541737 181.413455 170.816813 111.115789 9.922029 13.000000 
656.763563 2667.213744 2941.509238 253.236819 144.689786 88.570443 178.744206 239.000000 
57.901055 385.592570 429.577561 254.365485 152.120466 82.957282 39.774370 49.000000 
2714.409263 12660.513776 14295.391540 206.564091 136.617586 134.395153 183.615798 489.000000 
71278.512415 384010.411097 426782.329515 250.122067 141.756044 146.405602 769.117631 2622.000000 
6482.773014 30027.275389 30755.306716 242.462149 193.174752 96.745908 269.471914 666.000000 
401.936773 1765.244045 1880.880059 250.434891 193.517431 82.373247 126.870653 157.000000 
6.174800 19.718958 21.551098 203.587669 161.207891 102.224775 16.846988 15.000000 
10297.814876 59262.847391 63414.129083 210.926324 188.049228 121.760262 292.721770 1029.000000 
658187.181700 2181782.671907 2368814.315578 235.930981 199.347508 142.517396 2985.874900 8800.000000 
4723.906056 36185.321970 39366.321000 252.606814 179.007916 135.732061 401.797787 744.000000 
635.779529 1995.029316 2211.926264 151.721480 211.757347 14.436551 70.486272 201.000000 
53599.811516 208442.100786 220258.651860 153.369195 244.357814 7.442133 665.644958 2085.000000 
50.191384 232.267404 233.524092 156.814298 233.391478 10.120990 29.623335 51.000000 
3.607448 17.716263 18.158002 130.270264 237.085949 27.001813 5.694500 10.000000 
73247.651139 309623.939283 330679.380417 161.316776 223.850293 47.869900 818.107467 2595.000000 
11890.004948 58536.110188 62123.813615 182.373696 201.887155 6.070148 343.896082 1175.000000 
28254.767306 109773.834372 112694.951229 197.857604 215.003712 22.891826 781.723650 2061.000000 
1969.374729 8891.464101 9615.069401 194.151435 214.719084 38.145324 246.974326 478.000000 
2151.919727 9272.059330 9775.039422 176.868827 227.672780 14.206683 131.268479 391.000000 
1.503786 13.726208 15.164610 168.087380 238.431285 38.530881 8.132691 11.000000 
157.484808 629.544895 718.776785 196.466279 253.713863 32.117866 38.188890 95.000000 
174.608774 759.370012 837.541299 197.534050 247.839343 36.210942 43.391066 86.000000 
41256.214534 188319.405143 198748.636903 157.411040 238.972358 64.816034 662.985187 2351.000000 
61.469551 298.438471 334.242077 148.917290 236.964862 48.168009 29.981113 46.000000 
201.189805 705.284935 760.762903 141.174942 244.704957 66.716810 57.485838 108.000000 
57.115490 442.105116 463.471756 137.538912 240.096102 74.054080 44.045725 57.000000 
29.149405 283.962826 294.714551 143.015479 251.139195 74.211992 17.560806 37.000000 
14362.553652 101116.690093 104927.939894 228.903492 218.487102 36.174894 599.796090 1267.000000 
399.957358 2190.533381 2341.344986 231.322196 206.799199 17.589021 104.211903 173.000000 
4492.970616 18820.448596 20305.081110 235.074954 229.769336 4.275767 179.071434 510.000000 
1045.514149 6026.954481 6353.938118 235.243343 224.672023 20.419535 115.985631 278.000000 
179.273872 1462.573156 1518.417944 238.390320 197.741511 25.059985 69.951349 91.000000 
636.285132 1879.594643 2064.550601 210.841531 240.304548 3.182629 41.348127 154.000000 
30836.291831 146936.269701 148598.991213 211.488456 245.552913 21.366471 348.496285 1498.000000 
3914.605299 18095.359957 20264.256762 222.217457 251.229112 5.791097 136.656909 336.000000 
431.313246 2540.600082 2698.891997 245.820939 239.674668 14.057697 78.040600 183.000000 
2568.845996 11858.229585 13582.257904 253.033217 235.177837 17.868708 184.480423 482.000000 
234.394604 2193.165691 2313.505127 253.880755 248.877492 3.841532 91.779955 132.000000 
213.196401 1102.426163 1137.695961 253.028094 250.358270 23.825708 59.901838 131.000000 
74.334597 404.593524 426.150737 242.642163 253.556241 26.481419 39.571542 62.000000 
5208.885417 49001.865299 50538.507938 247.637061 242.316367 53.114656 337.278338 744.000000 
10370.958119 41370.293665 46139.956215 244.188049 205.190442 74.339782 490.670920 848.000000 
3.434070 44.298732 46.462779 226.234271 205.705641 71.250620 12.929233 14.000000 
1236.676606 11648.082960 12358.017854 220.730328 253.174254 59.181574 101.005473 350.000000 
11561.043305 47168.124754 52651.975883 247.339466 250.133566 82.684045 549.713569 963.000000 
22.670785 133.908987 135.776103 131.109672 218.628477 86.052048 13.482738 35.000000 
12.188150 59.332084 60.486263 135.063044 209.562366 115.871325 13.902582 25.000000 
8124.283298 34237.371042 39080.015922 195.804728 201.737602 127.340434 310.982988 714.000000 
1389.916511 9431.448018 10217.179380 147.772983 252.952163 110.895536 118.706151 307.000000 
707.707059 2709.523802 2834.329643 148.043884 246.928231 119.669306 96.128236 235.000000 
1527.478244 5988.334320 6505.841697 166.045892 239.611364 132.938760 78.937560 232.000000 
55.066423 189.778700 201.113625 174.107935 249.052547 116.136002 31.174256 43.000000 
36.424229 147.923189 167.831110 240.599255 199.493099 83.283490 50.696436 31.000000 
4.472183 17.976984 18.723546 242.968126 199.392104 91.538545 10.316199 10.000000 
25.652000 155.028943 179.084285 254.933858 205.221438 124.011362 10.914975 27.000000 
4.757861 27.439570 29.211777 254.170645 204.705244 129.734885 12.173836 14.000000 
51499.369754 235199.878921 267618.211795 249.743838 219.894581 130.137237 695.780325 2135.000000 
74192.501294 366068.810491 374912.114063 233.381788 243.085062 98.610912 1004.993181 3225.000000 
7.222732 64.456176 69.660613 254.575134 238.603939 87.246291 22.376659 19.000000 
2.439250 17.962015 18.619337 254.726454 233.599522 93.402272 9.046653 11.000000 
2.958966 16.553523 18.846830 248.694251 229.361771 102.877936 14.480433 11.000000 
436.375249 2625.292267 2715.677133 144.907246 155.045399 184.663293 90.063293 171.000000 
168.762136 886.041329 915.322756 188.337527 149.437630 159.615496 53.783820 104.000000 
3.614961 29.430882 32.073348 137.537490 154.396564 133.479660 7.597125 14.000000 
5.997347 31.235243 32.082028 136.256602 156.881976 149.653833 12.712133 19.000000 
639.488639 3918.609269 4216.789118 144.516730 172.756730 181.908159 65.007816 186.000000 
3.832823 24.649645 27.115112 153.937510 166.960275 170.066388 18.222655 11.000000 
2933959.213372 12726478.791453 13762762.338135 201.064091 198.471446 193.429311 7568.173407 21773.000000 
15.725386 38.418869 44.110447 173.999594 169.125089 160.980709 12.538854 21.000000 
277.801737 1233.799158 1418.181203 188.767946 161.900147 186.175825 67.835112 113.000000 
294.436213 1605.797248 1661.188792 148.801412 159.760932 191.307221 61.408950 123.000000 
636387.861408 3438599.763940 3694272.143341 183.178698 155.853715 212.160857 3273.118406 7579.000000 
90292.761097 420913.378236 452600.586307 151.457674 165.065414 227.468607 1032.249649 2952.000000 
20860.920983 93966.084548 97389.919420 153.415312 189.416887 211.998877 516.450482 1464.000000 
141.707013 834.077941 900.286333 140.430920 194.410706 211.482041 44.074177 94.000000 
1083.586772 7800.787235 8142.189517 139.000100 183.527925 225.404557 70.575831 259.000000 
169286.351701 954098.558011 990910.058594 162.663167 179.469144 239.404316 2275.138671 5439.000000 
626.191560 4638.904710 4707.902066 180.349996 178.403919 225.868474 118.003953 192.000000 
385.252595 1952.720878 2170.820969 196.559369 172.560216 222.584756 70.582913 157.000000 
328.793745 1593.643571 1745.854544 140.454223 155.186881 249.582315 94.305215 144.000000 
12198.503261 67592.988251 68484.149149 163.934464 153.654534 247.349824 533.077728 1281.000000 
8336.722254 55522.826487 58222.341585 185.501532 168.515334 236.803751 277.462407 825.000000 
191.704271 897.798930 964.095783 134.651218 165.912509 239.102883 60.759202 114.000000 
151.179209 1178.673742 1317.569820 142.098823 191.947846 254.775043 36.693834 73.000000 
8154.778867 55073.724274 57719.065748 174.282021 203.110073 250.434546 323.199040 894.000000 
17.776460 69.490957 76.716366 197.250617 148.456874 159.367947 25.041900 28.000000 
27.019220 229.843990 237.947018 238.702442 153.491398 157.472309 21.219083 41.000000 
3765.086127 17256.502588 17567.067487 227.042189 135.881720 178.823162 245.058890 623.000000 
241433.088883 1278538.571555 1306349.419934 228.956583 156.273814 183.120415 2228.588119 6471.000000 
38.946661 193.535852 196.126212 221.451400 129.829188 182.711028 31.404126 49.000000 
269.969007 3315.023605 3399.129017 227.054419 157.262383 164.789521 95.640047 155.000000 
346.151161 2574.060814 2643.633584 241.829398 139.052011 186.454176 108.746075 158.000000 
118.895147 568.735913 624.623277 208.714449 186.055228 150.543280 45.195492 83.000000 
2579.295466 12100.934138 12194.266310 230.210020 191.003031 163.627841 294.789068 449.000000 
32.104624 154.822903 157.385773 231.449893 180.621150 156.654169 28.954651 44.000000 
3.692256 36.426572 38.288422 251.528308 166.425841 142.248519 33.528098 16.000000 
3965.102136 15793.161367 17280.784613 245.457281 176.758241 144.343224 196.318952 523.000000 
17.213309 199.389098 207.732276 250.601344 183.531569 150.265627 18.532835 31.000000 
9.503759 49.751300 55.349875 254.335552 188.465723 152.284951 10.968612 18.000000 
12564.724125 51064.965530 57750.388152 243.210296 172.648522 158.974325 639.635671 1121.000000 
11949.223645 32764.782119 37779.120610 212.834248 171.042832 197.928289 485.199217 831.000000 
26447.633124 132331.122741 137376.768361 232.796588 179.327985 201.666401 582.664186 1491.000000 
2086.480392 8216.149778 8234.204495 242.273346 183.778946 183.386245 127.779311 393.000000 
63.993351 399.754223 417.259028 237.678383 190.397045 183.589369 47.274318 67.000000 
12837.132873 147722.619798 152116.007066 252.140361 207.400188 188.258110 566.663372 1162.000000 
219.351221 1040.694896 1075.740391 209.860821 137.831127 252.541787 89.432111 124.000000 
3621.871476 15649.653755 15832.876522 207.423189 149.237566 249.517567 244.670785 541.000000 
2.823432 16.943259 18.334398 214.560915 159.268112 197.114696 8.816457 10.000000 
353.645379 1632.622095 1738.520717 206.928650 187.061021 213.287185 52.285314 119.000000 
938.180413 3901.084690 4016.378139 200.332321 166.386334 250.919078 107.457288 255.000000 
2409.875737 8617.436764 9242.608699 208.121523 189.264059 245.429043 166.689784 453.000000 
379.043580 2461.140247 2609.653913 196.980646 194.589053 247.816635 66.295778 137.000000 
74.008008 287.610353 311.900270 142.285058 200.551618 136.514547 32.363034 54.000000 
119.867269 1435.013892 1435.647731 135.201474 203.194104 142.181372 39.168681 96.000000 
1979.457128 12561.319699 12763.434984 155.134994 245.005994 148.728714 220.426632 489.000000 
13.360165 72.882670 78.519024 149.965714 254.417739 144.628203 30.994094 28.000000 
45.358660 362.611290 384.819451 168.830141 254.173912 152.128496 41.248984 51.000000 
5072.888636 20083.685108 22646.833878 180.303022 229.804840 213.446430 221.148881 544.000000 
29512.414004 265369.389385 277415.399377 163.277780 245.142158 218.273139 620.887552 1613.000000 
51582.228511 182379.108439 204861.686523 155.306556 224.123687 229.252346 876.643453 2646.000000 
1107.131627 4808.942421 5218.280009 149.081895 198.207314 246.200161 146.524609 232.000000 
2389.807686 9547.178024 9801.619572 171.321646 222.750607 241.111166 90.936745 350.000000 
40705.449959 267006.620730 270969.173213 148.059983 245.363171 247.419226 857.914841 2204.000000 
2535.561330 13008.349130 13139.541296 167.505401 252.316425 248.891467 164.411822 458.000000 
708.100805 4545.986029 4630.091319 218.402203 213.140084 147.842373 81.377895 275.000000 
750.311428 4998.662533 5093.213217 212.752146 202.809995 174.548891 88.715793 195.000000 
975.006117 3476.915985 3996.885605 199.091630 251.567732 172.217007 101.341087 252.000000 
257.235985 1646.524756 1714.427710 206.254727 248.291029 167.429943 68.483849 139.000000 
2768.118142 23712.427880 24452.455500 244.007066 200.024109 171.643875 217.608468 476.000000 
15.659484 51.519850 59.380959 236.633333 230.903886 150.354475 20.145369 25.000000 
198.683778 842.840896 987.639224 252.038314 234.980386 177.371276 58.334778 97.000000 
4.191450 31.029784 31.923579 245.222472 213.829999 193.997340 8.718446 12.000000 
13247.008463 46403.228516 53900.274869 237.305832 228.223717 190.691224 249.432345 921.000000 
4.811474 27.042785 28.483616 244.353639 219.534949 188.712938 15.310138 12.000000 
2158.624810 9388.481476 9902.327606 207.222772 228.581152 242.664764 164.189443 435.000000 
6.884024 38.116962 39.888758 204.571854 253.533438 252.227818 9.989129 15.000000 
77.731418 372.041696 406.488393 217.684865 242.868254 236.752150 28.727242 66.000000 
465.859199 4119.073652 4221.832550 225.003622 251.129557 241.360345 95.419270 180.000000 
821.449810 4765.002785 4936.690419 229.011565 251.063900 252.627755 163.216655 254.000000 
1529.258941 4603.547834 5475.879706 242.975135 198.182247 249.558244 124.199032 268.000000 
24.168972 78.243011 86.809334 231.013220 246.929972 237.331101 15.250292 31.000000 
